#GENALG spiking WM
30 	17    	[ 1.98352227  9.9475    ]  	[ 3.88806464  0.72275082]	[ 0.03883219  8.5       ]  	[ 10.   11.1]              
[0.039041308735383806, 1.0120331099735085, 0.11384269446464468, 0.4715609979608429]
[0.039041308735383806, 0.05055629702216391, 0.11384269446464468, 0.49521313715415605]
[0.039041308735383806, 0.05055629702216391, 0.11384269446464468, 0.4715609979608429]
[0.039041308735383806, 0.11398910104729976, 0.11384269446464468, 0.49521313715415605]
[0.039041308735383806, 1.1022913626311441, 0.11384269446464468, 0.49521313715415605]

Mauvaises contraintes: => pas de sustain


30 	11    	[ 0.64917949  0.5         6.1775    ]	[ 2.14538416  2.17944947  0.87727917]	[ 0.12826227  0.          5.95      ]	[ 10.  10.  10.]                     
[0.7186688667911246, 0.7139659228043482, 0.9578979725104797, 0.23032103112431532]
[0.014391065407352466, 0.8085918583914764, 0.8990774010799868, 0.23032103112431532]
[0.014391065407352466, 0.7139659228043482, 0.8381919671703114, 0.23032103112431532]
[0.014391065407352466, 0.0062418529681560475, 0.8990774010799868, 0.23032103112431532]
[0.7186688667911246, 0.7139659228043482, 0.8381919671703114, 0.23032103112431532]

Mauvaise contrainte well Clusterized

30 	13    	[ 0.61589164  6.095     ]	[ 2.15288576  0.89608872]	[ 0.10933493  5.85      ]	[ 10.  10.]              
[0.5205251298805408, 1.1374915050525325, 0.3265595922468435, 0.34250124770693113]
[0.5205251298805408, 0.32226282813842977, 0.3265595922468435, 0.34250124770693113]
[0.5205251298805408, 0.8229397086591689, 0.3265595922468435, 0.34250124770693113]
[2.6312242717746037, 0.8229397086591689, 0.3265595922468435, 0.34250124770693113]
[1.9970794327766108, 0.574051492172, 0.3265595922468435, 0.34250124770693113]

With diff nb cluster cible nb cluster et nbComputationEmpty et random*10
30 	15    	[ 1.22267935  1.9895      0.511     ]	[ 2.0142791   1.86631917  2.17692708]	[ 0.68498508  1.19        0.01      ]	[ 10.  10.  10.]                     
[0.32085056065428996, 0.050145194812915225, 6.4263450294467015, 4.832819812961592]
[0.6813561773062853, 0.08955752658486943, 6.4263450294467015, 4.832819812961592]
[0.32085056065428996, 0.19848418855809946, 6.3781171008675255, 4.832819812961592]
[0.6813561773062853, 0.08955752658486943, 6.3781171008675255, 4.832819812961592]
[0.32085056065428996, 0.012488646660083758, 6.4263450294467015, 4.832819812961592]
It seems that he take to seriously the nbComputation empty
