NSpike allowedTime=5
[0.8694219312388666,0.8080738943053164,0.06667443323492414,0.9538268753027208,3.5763931792826567,0.5830994800507237]
[0.8694219312388666,0.8080738943053164,0.09692170203214347,1.3865363335389729,3.5763931792826567,0.5598127601362746]

BsRsdnf
[0.34877290860616583,0.518756318694548,0.034120096026395486,0.740855492286416,9.125053656937329,0.731159114117722]
[0.5975618471857118, 0.5576323961092375, 0.034120096026395486, 0.740855492286416, 30.48252997511804, 0.731159114117722]
[0.34877290860616583, 0.32546768780504354, 0.034120096026395486, 0.740855492286416, 9.125053656937329, 0.731159114117722]
[0.5975618471857118, 0.5576323961092375, 0.034120096026395486, 0.740855492286416, 9.125053656937329, 0.731159114117722]
[0.16611241089858275, 0.15501267717995934, 0.034120096026395486, 0.740855492286416, 9.125053656937329, 0.731159114117722]
